# Source1     : pressureDifferencePatch.region1
# Source2     : pressureDifferencePatch.region2
# Operation   : subtract
# Time        	p
0.01          	5.150105e-02
0.02          	2.635750e-04
0.03          	5.829416e-04
0.04          	4.769751e-04
0.05          	4.119295e-04
0.06          	3.673319e-04
0.07          	3.349774e-04
0.08          	3.103421e-04
0.09          	2.908349e-04
0.1           	2.749016e-04
0.11          	2.615649e-04
0.12          	2.501825e-04
0.13          	2.403153e-04
0.14          	2.316518e-04
0.15          	2.239640e-04
0.16          	2.170811e-04
0.17          	2.108716e-04
0.18          	2.052325e-04
0.19          	2.000818e-04
0.2           	1.953533e-04
0.21          	1.909927e-04
0.22          	1.869551e-04
0.23          	1.832028e-04
0.24          	1.797044e-04
0.25          	1.764324e-04
0.26          	1.733643e-04
0.27          	1.704795e-04
0.28          	1.677613e-04
0.29          	1.651937e-04
0.3           	1.627645e-04
0.31          	1.604613e-04
0.32          	1.582739e-04
0.33          	1.561846e-04
0.34          	1.542032e-04
0.35          	1.523129e-04
0.36          	1.505066e-04
0.37          	1.487785e-04
0.38          	1.471234e-04
0.39          	1.455371e-04
0.4           	1.440141e-04
0.41          	1.425504e-04
0.42          	1.411431e-04
0.43          	1.397884e-04
0.44          	1.384830e-04
0.45          	1.372242e-04
0.46          	1.360094e-04
0.47          	1.348363e-04
0.48          	1.337024e-04
0.49          	1.326060e-04
0.5           	1.315448e-04
0.51          	1.305172e-04
0.52          	1.295214e-04
0.53          	1.285560e-04
0.54          	1.276194e-04
0.55          	1.267104e-04
0.56          	1.258276e-04
0.57          	1.249699e-04
0.58          	1.241361e-04
0.59          	1.233254e-04
0.6           	1.225364e-04
0.61          	1.217684e-04
0.62          	1.210205e-04
0.63          	1.202921e-04
0.64          	1.195821e-04
0.65          	1.188895e-04
0.66          	1.182148e-04
0.67          	1.175562e-04
0.68          	1.169134e-04
0.69          	1.162859e-04
0.7           	1.156730e-04
0.71          	1.150737e-04
0.72          	1.144890e-04
0.73          	1.139170e-04
0.74          	1.133577e-04
0.75          	1.128107e-04
0.76          	1.122755e-04
0.77          	1.117518e-04
0.78          	1.112392e-04
0.79          	1.107371e-04
0.8           	1.102458e-04
0.81          	1.097642e-04
0.82          	1.092924e-04
0.83          	1.088302e-04
0.84          	1.083769e-04
0.85          	1.079321e-04
0.86          	1.074967e-04
0.87          	1.070694e-04
0.88          	1.066501e-04
0.89          	1.062387e-04
0.9           	1.058348e-04
0.91          	1.054385e-04
0.92          	1.050491e-04
0.93          	1.046673e-04
0.94          	1.042920e-04
0.95          	1.039233e-04
0.96          	1.035611e-04
0.97          	1.032051e-04
0.98          	1.028556e-04
0.99          	1.025117e-04
1             	1.021737e-04
1.01          	1.018415e-04
1.02          	1.015147e-04
1.03          	1.011931e-04
1.04          	1.008773e-04
1.05          	1.005654e-04
1.06          	1.002602e-04
1.07          	9.995908e-05
1.08          	9.966274e-05
1.09          	9.937112e-05
1.1           	9.908384e-05
1.11          	9.880119e-05
1.12          	9.852283e-05
1.13          	9.824870e-05
1.14          	9.797872e-05
1.15          	9.771278e-05
1.16          	9.745078e-05
1.17          	9.719270e-05
1.18          	9.693821e-05
1.19          	9.668782e-05
1.2           	9.644082e-05
1.21          	9.619740e-05
1.22          	9.595744e-05
1.23          	9.572090e-05
1.24          	9.548764e-05
1.25          	9.525779e-05
1.26          	9.503101e-05
1.27          	9.480716e-05
1.28          	9.458688e-05
1.29          	9.436925e-05
1.3           	9.415463e-05
1.31          	9.394293e-05
1.32          	9.373404e-05
1.33          	9.352794e-05
1.34          	9.332455e-05
1.35          	9.312385e-05
1.36          	9.292582e-05
1.37          	9.273025e-05
1.38          	9.253712e-05
1.39          	9.234672e-05
1.4           	9.215864e-05
1.41          	9.197295e-05
1.42          	9.178959e-05
1.43          	9.160852e-05
1.44          	9.142975e-05
1.45          	9.125306e-05
1.46          	9.107885e-05
1.47          	9.090658e-05
1.48          	9.073641e-05
1.49          	9.056833e-05
1.5           	9.040215e-05
1.51          	9.023818e-05
1.52          	9.007608e-05
1.53          	8.991592e-05
1.54          	8.975765e-05
1.55          	8.960124e-05
1.56          	8.944666e-05
1.57          	8.929390e-05
1.58          	8.914291e-05
1.59          	8.899366e-05
1.6           	8.884499e-05
1.61          	8.870031e-05
1.62          	8.855567e-05
1.63          	8.841357e-05
1.64          	8.827264e-05
1.65          	8.813338e-05
1.66          	8.799545e-05
1.67          	8.785923e-05
1.68          	8.772448e-05
1.69          	8.759121e-05
1.7           	8.745941e-05
1.71          	8.732916e-05
1.72          	8.720004e-05
1.73          	8.707259e-05
1.74          	8.694653e-05
1.75          	8.682155e-05
1.76          	8.669762e-05
1.77          	8.657643e-05
1.78          	8.645524e-05
1.79          	8.633517e-05
1.8           	8.621758e-05
1.81          	8.609963e-05
1.82          	8.598485e-05
1.83          	8.586899e-05
1.84          	8.575690e-05
1.85          	8.564403e-05
1.86          	8.553293e-05
1.87          	8.542290e-05
1.88          	8.531414e-05
1.89          	8.520636e-05
1.9           	8.509971e-05
1.91          	8.499414e-05
1.92          	8.488963e-05
1.93          	8.478616e-05
1.94          	8.468376e-05
1.95          	8.458234e-05
1.96          	8.448194e-05
1.97          	8.438276e-05
1.98          	8.428399e-05
1.99          	8.418686e-05
2             	8.409012e-05
2.01          	8.399438e-05
2.02          	8.389987e-05
2.03          	8.380536e-05
2.04          	8.371375e-05
2.05          	8.362154e-05
2.06          	8.353014e-05
2.07          	8.344023e-05
2.08          	8.335097e-05
2.09          	8.326238e-05
2.1           	8.317527e-05
2.11          	8.308705e-05
2.12          	8.300305e-05
2.13          	8.291594e-05
2.14          	8.283358e-05
2.15          	8.274824e-05
2.16          	8.266703e-05
2.17          	8.258379e-05
2.18          	8.250345e-05
2.19          	8.242243e-05
2.2           	8.234295e-05
2.21          	8.226364e-05
2.22          	8.218539e-05
2.23          	8.210794e-05
2.24          	8.203015e-05
2.25          	8.195513e-05
2.26          	8.187934e-05
2.27          	8.180425e-05
2.28          	8.173012e-05
2.29          	8.165654e-05
2.3           	8.158383e-05
2.31          	8.151138e-05
2.32          	8.143989e-05
2.33          	8.136862e-05
2.34          	8.129821e-05
2.35          	8.122978e-05
2.36          	8.116008e-05
2.37          	8.109148e-05
2.38          	8.102420e-05
2.39          	8.095620e-05
2.4           	8.088993e-05
2.41          	8.082396e-05
2.42          	8.075841e-05
2.43          	8.068812e-05
2.44          	8.062740e-05
2.45          	8.056578e-05
2.46          	8.050340e-05
2.47          	8.043931e-05
2.48          	8.037683e-05
2.49          	8.031531e-05
2.5           	8.025409e-05
2.51          	8.019361e-05
2.52          	8.013205e-05
2.53          	8.007364e-05
2.54          	8.001474e-05
2.55          	7.995549e-05
2.56          	7.989761e-05
2.57          	7.984013e-05
2.58          	7.978290e-05
2.59          	7.972623e-05
2.6           	7.966628e-05
2.61          	7.961173e-05
2.62          	7.955831e-05
2.63          	7.950211e-05
2.64          	7.944952e-05
2.65          	7.939394e-05
2.66          	7.934237e-05
2.67          	7.928839e-05
2.68          	7.923547e-05
2.69          	7.918455e-05
2.7           	7.913059e-05
2.71          	7.908187e-05
2.72          	7.902973e-05
2.73          	7.897899e-05
2.74          	7.893054e-05
2.75          	7.887786e-05
2.76          	7.883212e-05
2.77          	7.877961e-05
2.78          	7.873507e-05
2.79          	7.868275e-05
2.8           	7.864058e-05
2.81          	7.858711e-05
2.82          	7.854541e-05
2.83          	7.849370e-05
2.84          	7.845238e-05
2.85          	7.840231e-05
2.86          	7.836053e-05
2.87          	7.831216e-05
2.88          	7.827024e-05
2.89          	7.822338e-05
2.9           	7.818142e-05
2.91          	7.813590e-05
2.92          	7.809408e-05
2.93          	7.804971e-05
2.94          	7.800814e-05
2.95          	7.796481e-05
2.96          	7.792360e-05
2.97          	7.788117e-05
2.98          	7.784039e-05
2.99          	7.779880e-05
3             	7.775849e-05
3.01          	7.771768e-05
3.02          	7.767786e-05
3.03          	7.763777e-05
3.04          	7.759848e-05
3.05          	7.755908e-05
3.06          	7.752032e-05
3.07          	7.748158e-05
3.08          	7.744337e-05
3.09          	7.740525e-05
3.1           	7.736757e-05
3.11          	7.733007e-05
3.12          	7.729293e-05
3.13          	7.725601e-05
3.14          	7.721943e-05
3.15          	7.718307e-05
3.16          	7.714703e-05
3.17          	7.711122e-05
3.18          	7.707572e-05
3.19          	7.704045e-05
3.2           	7.700546e-05
3.21          	7.697073e-05
3.22          	7.693627e-05
3.23          	7.690203e-05
3.24          	7.686811e-05
3.25          	7.683437e-05
3.26          	7.680094e-05
3.27          	7.676772e-05
3.28          	7.673475e-05
3.29          	7.670206e-05
3.3           	7.666956e-05
3.31          	7.663734e-05
3.32          	7.660533e-05
3.33          	7.657358e-05
3.34          	7.654204e-05
3.35          	7.651077e-05
3.36          	7.647967e-05
3.37          	7.644886e-05
3.38          	7.641822e-05
3.39          	7.638785e-05
3.4           	7.635765e-05
3.41          	7.632773e-05
3.42          	7.629798e-05
3.43          	7.626848e-05
3.44          	7.623917e-05
3.45          	7.621009e-05
3.46          	7.618123e-05
3.47          	7.615255e-05
3.48          	7.612408e-05
3.49          	7.609583e-05
3.5           	7.606778e-05
3.51          	7.603996e-05
3.52          	7.601229e-05
3.53          	7.598484e-05
3.54          	7.595759e-05
3.55          	7.593053e-05
3.56          	7.590366e-05
3.57          	7.587702e-05
3.58          	7.585052e-05
3.59          	7.582424e-05
3.6           	7.579812e-05
3.61          	7.577222e-05
3.62          	7.574648e-05
3.63          	7.572095e-05
3.64          	7.569560e-05
3.65          	7.567039e-05
3.66          	7.564538e-05
3.67          	7.562055e-05
3.68          	7.559590e-05
3.69          	7.557141e-05
3.7           	7.554708e-05
3.71          	7.552296e-05
3.72          	7.549903e-05
3.73          	7.547522e-05
3.74          	7.545155e-05
3.75          	7.542813e-05
3.76          	7.540481e-05
3.77          	7.538169e-05
3.78          	7.535871e-05
3.79          	7.533591e-05
3.8           	7.531329e-05
3.81          	7.529182e-05
3.82          	7.526679e-05
3.83          	7.524775e-05
3.84          	7.522286e-05
3.85          	7.520322e-05
3.86          	7.517958e-05
3.87          	7.515984e-05
3.88          	7.513644e-05
3.89          	7.511709e-05
3.9           	7.509590e-05
3.91          	7.507289e-05
3.92          	7.505460e-05
3.93          	7.503184e-05
3.94          	7.501281e-05
3.95          	7.499164e-05
3.96          	7.497186e-05
3.97          	7.495131e-05
3.98          	7.493160e-05
3.99          	7.491127e-05
4             	7.489198e-05
4.01          	7.487260e-05
4.02          	7.485284e-05
4.03          	7.483378e-05
4.04          	7.481445e-05
4.05          	7.479556e-05
4.06          	7.477656e-05
4.07          	7.475671e-05
4.08          	7.473922e-05
4.09          	7.472035e-05
4.1           	7.470257e-05
4.11          	7.468332e-05
4.12          	7.466664e-05
4.13          	7.464679e-05
4.14          	7.463035e-05
4.15          	7.461129e-05
4.16          	7.459452e-05
4.17          	7.457713e-05
4.18          	7.455906e-05
4.19          	7.454298e-05
4.2           	7.452425e-05
4.21          	7.450818e-05
4.22          	7.449121e-05
4.23          	7.447394e-05
4.24          	7.445811e-05
4.25          	7.444033e-05
4.26          	7.442437e-05
4.27          	7.440843e-05
4.28          	7.439469e-05
4.29          	7.437959e-05
4.3           	7.436350e-05
4.31          	7.434752e-05
4.32          	7.433166e-05
4.33          	7.431592e-05
4.34          	7.430028e-05
4.35          	7.428475e-05
4.36          	7.426934e-05
4.37          	7.425402e-05
4.38          	7.423882e-05
4.39          	7.422371e-05
4.4           	7.420870e-05
4.41          	7.419380e-05
4.42          	7.417899e-05
4.43          	7.416429e-05
4.44          	7.414969e-05
4.45          	7.413518e-05
4.46          	7.412076e-05
4.47          	7.410645e-05
4.48          	7.409223e-05
4.49          	7.407810e-05
4.5           	7.406408e-05
4.51          	7.405013e-05
4.52          	7.403630e-05
4.53          	7.402254e-05
4.54          	7.400888e-05
4.55          	7.399537e-05
4.56          	7.398179e-05
4.57          	7.396844e-05
4.58          	7.395514e-05
4.59          	7.394193e-05
4.6           	7.392880e-05
4.61          	7.391577e-05
4.62          	7.390281e-05
4.63          	7.388995e-05
4.64          	7.387717e-05
4.65          	7.386447e-05
4.66          	7.385185e-05
4.67          	7.383934e-05
4.68          	7.382689e-05
4.69          	7.381453e-05
4.7           	7.380225e-05
4.71          	7.379005e-05
4.72          	7.377792e-05
4.73          	7.376589e-05
4.74          	7.375393e-05
4.75          	7.374205e-05
4.76          	7.373025e-05
4.77          	7.371853e-05
4.78          	7.370689e-05
4.79          	7.369532e-05
4.8           	7.368382e-05
4.81          	7.367240e-05
4.82          	7.366107e-05
4.83          	7.364980e-05
4.84          	7.363861e-05
4.85          	7.362750e-05
4.86          	7.361645e-05
4.87          	7.360548e-05
4.88          	7.359458e-05
4.89          	7.358375e-05
4.9           	7.357300e-05
4.91          	7.356231e-05
4.92          	7.355171e-05
4.93          	7.354115e-05
4.94          	7.353069e-05
4.95          	7.352026e-05
4.96          	7.350994e-05
4.97          	7.349968e-05
4.98          	7.348946e-05
4.99          	7.347933e-05
5             	7.346927e-05
5.01          	7.345926e-05
5.02          	7.344933e-05
5.03          	7.343947e-05
5.04          	7.342965e-05
5.05          	7.341992e-05
5.06          	7.341024e-05
5.07          	7.340062e-05
5.08          	7.339108e-05
5.09          	7.338160e-05
5.1           	7.337216e-05
5.11          	7.336279e-05
5.12          	7.335352e-05
5.13          	7.334426e-05
5.14          	7.333509e-05
5.15          	7.332597e-05
5.16          	7.331692e-05
5.17          	7.330791e-05
5.18          	7.329897e-05
5.19          	7.329009e-05
5.2           	7.328127e-05
5.21          	7.327250e-05
5.22          	7.326380e-05
5.23          	7.325515e-05
5.24          	7.324655e-05
5.25          	7.323802e-05
5.26          	7.322954e-05
5.27          	7.322112e-05
5.28          	7.321274e-05
5.29          	7.320443e-05
5.3           	7.319617e-05
5.31          	7.318797e-05
5.32          	7.317981e-05
5.33          	7.317172e-05
5.34          	7.316367e-05
5.35          	7.315568e-05
5.36          	7.314775e-05
5.37          	7.313986e-05
5.38          	7.313202e-05
5.39          	7.312423e-05
5.4           	7.311650e-05
5.41          	7.310882e-05
5.42          	7.310119e-05
5.43          	7.309368e-05
5.44          	7.308603e-05
5.45          	7.307852e-05
5.46          	7.307113e-05
5.47          	7.306384e-05
5.48          	7.305643e-05
5.49          	7.304916e-05
5.5           	7.304192e-05
5.51          	7.303472e-05
5.52          	7.302759e-05
5.53          	7.302047e-05
5.54          	7.301343e-05
5.55          	7.300642e-05
5.56          	7.299946e-05
5.57          	7.299255e-05
5.58          	7.298568e-05
5.59          	7.297886e-05
5.6           	7.297210e-05
5.61          	7.296534e-05
5.62          	7.295866e-05
5.63          	7.295203e-05
5.64          	7.294539e-05
5.65          	7.293885e-05
5.66          	7.293233e-05
5.67          	7.292586e-05
5.68          	7.291944e-05
5.69          	7.291305e-05
5.7           	7.290670e-05
5.71          	7.290039e-05
5.72          	7.289414e-05
5.73          	7.288819e-05
5.74          	7.288173e-05
5.75          	7.287584e-05
5.76          	7.286949e-05
5.77          	7.286365e-05
5.78          	7.285739e-05
5.79          	7.285164e-05
5.8           	7.284549e-05
5.81          	7.283973e-05
5.82          	7.283396e-05
5.83          	7.282791e-05
5.84          	7.282222e-05
5.85          	7.281652e-05
5.86          	7.281081e-05
5.87          	7.280514e-05
5.88          	7.279948e-05
5.89          	7.279386e-05
5.9           	7.278825e-05
5.91          	7.278266e-05
5.92          	7.277790e-05
5.93          	7.277112e-05
5.94          	7.276631e-05
5.95          	7.276099e-05
5.96          	7.275548e-05
5.97          	7.274990e-05
5.98          	7.274501e-05
5.99          	7.273820e-05
6             	7.273524e-05
6.01          	7.272964e-05
6.02          	7.272414e-05
6.03          	7.272001e-05
6.04          	7.271343e-05
6.05          	7.270940e-05
6.06          	7.270391e-05
6.07          	7.269976e-05
6.08          	7.269363e-05
6.09          	7.268951e-05
6.1           	7.268437e-05
6.11          	7.267896e-05
6.12          	7.267487e-05
6.13          	7.266946e-05
6.14          	7.266527e-05
6.15          	7.266081e-05
6.16          	7.265632e-05
6.17          	7.265058e-05
6.18          	7.264591e-05
6.19          	7.264155e-05
6.2           	7.263719e-05
6.21          	7.263273e-05
6.22          	7.262819e-05
6.23          	7.262358e-05
6.24          	7.261897e-05
6.25          	7.261436e-05
6.26          	7.261178e-05
6.27          	7.260605e-05
6.28          	7.260113e-05
6.29          	7.259848e-05
6.3           	7.259310e-05
6.31          	7.258809e-05
6.32          	7.258582e-05
6.33          	7.258048e-05
6.34          	7.257529e-05
6.35          	7.257356e-05
6.36          	7.256817e-05
6.37          	7.256280e-05
6.38          	7.256150e-05
6.39          	7.255609e-05
6.4           	7.255232e-05
6.41          	7.254672e-05
6.42          	7.254565e-05
6.43          	7.254025e-05
6.44          	7.253663e-05
6.45          	7.253277e-05
6.46          	7.252893e-05
6.47          	7.252513e-05
6.48          	7.252134e-05
6.49          	7.251743e-05
6.5           	7.251385e-05
6.51          	7.251011e-05
6.52          	7.250647e-05
6.53          	7.250283e-05
6.54          	7.249920e-05
6.55          	7.249557e-05
6.56          	7.249198e-05
6.57          	7.248843e-05
6.58          	7.248489e-05
6.59          	7.248137e-05
6.6           	7.247789e-05
6.61          	7.247442e-05
6.62          	7.247097e-05
6.63          	7.246756e-05
6.64          	7.246417e-05
6.65          	7.246078e-05
6.66          	7.245744e-05
6.67          	7.245410e-05
6.68          	7.245080e-05
6.69          	7.244752e-05
6.7           	7.244424e-05
6.71          	7.244102e-05
6.72          	7.243779e-05
6.73          	7.243460e-05
6.74          	7.243143e-05
6.75          	7.242827e-05
6.76          	7.242513e-05
6.77          	7.242185e-05
6.78          	7.241907e-05
6.79          	7.241552e-05
6.8           	7.241308e-05
6.81          	7.240976e-05
6.82          	7.240685e-05
6.83          	7.240377e-05
6.84          	7.240081e-05
6.85          	7.239789e-05
6.86          	7.239495e-05
6.87          	7.239211e-05
6.88          	7.238911e-05
6.89          	7.238629e-05
6.9           	7.238343e-05
6.91          	7.238062e-05
6.92          	7.237780e-05
6.93          	7.237500e-05
6.94          	7.237224e-05
6.95          	7.236948e-05
6.96          	7.236675e-05
6.97          	7.236403e-05
6.98          	7.236132e-05
6.99          	7.235867e-05
7             	7.235599e-05
7.01          	7.235335e-05
7.02          	7.235072e-05
7.03          	7.234812e-05
7.04          	7.234553e-05
7.05          	7.234296e-05
7.06          	7.234039e-05
7.07          	7.233787e-05
7.08          	7.233535e-05
7.09          	7.233284e-05
7.1           	7.233036e-05
7.11          	7.232789e-05
7.12          	7.232544e-05
7.13          	7.232300e-05
7.14          	7.232059e-05
7.15          	7.231818e-05
7.16          	7.231580e-05
7.17          	7.231343e-05
7.18          	7.231109e-05
7.19          	7.230874e-05
7.2           	7.230641e-05
7.21          	7.230409e-05
7.22          	7.230186e-05
7.23          	7.229955e-05
7.24          	7.229731e-05
7.25          	7.229504e-05
7.26          	7.229284e-05
7.27          	7.229062e-05
7.28          	7.228842e-05
7.29          	7.228625e-05
7.3           	7.228409e-05
7.31          	7.228193e-05
7.32          	7.227974e-05
7.33          	7.227772e-05
7.34          	7.227556e-05
7.35          	7.227349e-05
7.36          	7.227140e-05
7.37          	7.226934e-05
7.38          	7.226730e-05
7.39          	7.226526e-05
7.4           	7.226323e-05
7.41          	7.226124e-05
7.42          	7.225924e-05
7.43          	7.225727e-05
7.44          	7.225530e-05
7.45          	7.225335e-05
7.46          	7.225140e-05
7.47          	7.224949e-05
7.48          	7.224758e-05
7.49          	7.224568e-05
7.5           	7.224377e-05
7.51          	7.224193e-05
7.52          	7.224007e-05
7.53          	7.223823e-05
7.54          	7.223640e-05
7.55          	7.223457e-05
7.56          	7.223275e-05
7.57          	7.223099e-05
7.58          	7.222919e-05
7.59          	7.222743e-05
7.6           	7.222567e-05
7.61          	7.222393e-05
7.62          	7.222220e-05
7.63          	7.222046e-05
7.64          	7.221878e-05
7.65          	7.221709e-05
7.66          	7.221538e-05
7.67          	7.221373e-05
7.68          	7.221207e-05
7.69          	7.221041e-05
7.7           	7.220879e-05
7.71          	7.220716e-05
7.72          	7.220555e-05
7.73          	7.220395e-05
7.74          	7.220234e-05
7.75          	7.220072e-05
7.76          	7.219925e-05
7.77          	7.219765e-05
7.78          	7.219609e-05
7.79          	7.219458e-05
7.8           	7.219306e-05
7.81          	7.219153e-05
7.82          	7.219001e-05
7.83          	7.218856e-05
7.84          	7.218705e-05
7.85          	7.218560e-05
7.86          	7.218413e-05
7.87          	7.218268e-05
7.88          	7.218124e-05
7.89          	7.217982e-05
7.9           	7.217834e-05
7.91          	7.217700e-05
7.92          	7.217559e-05
7.93          	7.217421e-05
7.94          	7.217277e-05
7.95          	7.217146e-05
7.96          	7.217011e-05
7.97          	7.216876e-05
7.98          	7.216740e-05
7.99          	7.216609e-05
8             	7.216475e-05
8.01          	7.216348e-05
8.02          	7.216215e-05
8.03          	7.216086e-05
8.04          	7.215959e-05
8.05          	7.215830e-05
8.06          	7.215703e-05
8.07          	7.215579e-05
8.08          	7.215458e-05
8.09          	7.215330e-05
8.1           	7.215210e-05
8.11          	7.215087e-05
8.12          	7.214966e-05
8.13          	7.214847e-05
8.14          	7.214726e-05
8.15          	7.214610e-05
8.16          	7.214491e-05
8.17          	7.214361e-05
8.18          	7.214272e-05
8.19          	7.214143e-05
8.2           	7.214034e-05
8.21          	7.213917e-05
8.22          	7.213805e-05
8.23          	7.213692e-05
8.24          	7.213585e-05
8.25          	7.213473e-05
8.26          	7.213365e-05
8.27          	7.213256e-05
8.28          	7.213148e-05
8.29          	7.213040e-05
8.3           	7.212937e-05
8.31          	7.212831e-05
8.32          	7.212726e-05
8.33          	7.212624e-05
8.34          	7.212521e-05
8.35          	7.212418e-05
8.36          	7.212317e-05
8.37          	7.212217e-05
8.38          	7.212117e-05
8.39          	7.212017e-05
8.4           	7.211921e-05
8.41          	7.211823e-05
8.42          	7.211724e-05
8.43          	7.211628e-05
8.44          	7.211534e-05
8.45          	7.211440e-05
8.46          	7.211345e-05
8.47          	7.211254e-05
8.48          	7.211158e-05
8.49          	7.211068e-05
8.5           	7.210977e-05
8.51          	7.210887e-05
8.52          	7.210797e-05
8.53          	7.210707e-05
8.54          	7.210619e-05
8.55          	7.210531e-05
8.56          	7.210445e-05
8.57          	7.210360e-05
8.58          	7.210272e-05
8.59          	7.210187e-05
8.6           	7.210103e-05
8.61          	7.210020e-05
8.62          	7.209937e-05
8.63          	7.209853e-05
8.64          	7.209772e-05
8.65          	7.209690e-05
8.66          	7.209611e-05
8.67          	7.209530e-05
8.68          	7.209451e-05
8.69          	7.209370e-05
8.7           	7.209288e-05
8.71          	7.209215e-05
8.72          	7.209139e-05
8.73          	7.209061e-05
8.74          	7.208937e-05
8.75          	7.208947e-05
8.76          	7.208834e-05
8.77          	7.208748e-05
8.78          	7.208699e-05
8.79          	7.208600e-05
8.8           	7.208536e-05
8.81          	7.208469e-05
8.82          	7.208392e-05
8.83          	7.208313e-05
8.84          	7.207342e-05
8.85          	7.207269e-05
8.86          	7.207207e-05
8.87          	7.207148e-05
8.88          	7.207091e-05
8.89          	7.207034e-05
8.9           	7.206976e-05
8.91          	7.206921e-05
8.92          	7.206866e-05
8.93          	7.206811e-05
8.94          	7.206756e-05
8.95          	7.206703e-05
8.96          	7.206650e-05
8.97          	7.206597e-05
8.98          	7.206542e-05
8.99          	7.206492e-05
9             	7.206441e-05
9.01          	7.206388e-05
9.02          	7.206336e-05
9.03          	7.206288e-05
9.04          	7.206236e-05
9.05          	7.206186e-05
9.06          	7.206137e-05
9.07          	7.206088e-05
9.08          	7.206039e-05
9.09          	7.205990e-05
9.1           	7.205941e-05
9.11          	7.205892e-05
9.12          	7.205848e-05
9.13          	7.205798e-05
9.14          	7.205752e-05
9.15          	7.205706e-05
9.16          	7.205658e-05
9.17          	7.205614e-05
9.18          	7.205567e-05
9.19          	7.205522e-05
9.2           	7.205479e-05
9.21          	7.205427e-05
9.22          	7.205395e-05
9.23          	7.205344e-05
9.24          	7.205302e-05
9.25          	7.205262e-05
9.26          	7.205178e-05
9.27          	7.205204e-05
9.28          	7.205122e-05
9.29          	7.205090e-05
9.3           	7.205068e-05
9.31          	7.204995e-05
9.32          	7.204964e-05
9.33          	7.204924e-05
9.34          	7.204881e-05
9.35          	7.204841e-05
9.36          	7.204799e-05
9.37          	7.204760e-05
9.38          	7.204719e-05
9.39          	7.204677e-05
9.4           	7.204643e-05
9.41          	7.204597e-05
9.42          	7.204560e-05
9.43          	7.204547e-05
9.44          	7.204478e-05
9.45          	7.204471e-05
9.46          	7.204413e-05
9.47          	7.204378e-05
9.48          	7.204326e-05
9.49          	7.204337e-05
9.5           	7.204235e-05
9.51          	7.204264e-05
9.52          	7.204171e-05
9.53          	7.204180e-05
9.54          	7.204116e-05
9.55          	7.204138e-05
9.56          	7.204072e-05
9.57          	7.204036e-05
9.58          	7.204002e-05
9.59          	7.203968e-05
9.6           	7.203939e-05
9.61          	7.203904e-05
9.62          	7.203872e-05
9.63          	7.203841e-05
9.64          	7.203803e-05
9.65          	7.203783e-05
9.66          	7.203746e-05
9.67          	7.203714e-05
9.68          	7.203683e-05
9.69          	7.203652e-05
9.7           	7.203624e-05
9.71          	7.203589e-05
9.72          	7.203566e-05
9.73          	7.203534e-05
9.74          	7.203505e-05
9.75          	7.203476e-05
9.76          	7.203445e-05
9.77          	7.203419e-05
9.78          	7.203390e-05
9.79          	7.203361e-05
9.8           	7.203330e-05
9.81          	7.203307e-05
9.82          	7.203280e-05
9.83          	7.203252e-05
9.84          	7.203224e-05
9.85          	7.203199e-05
9.86          	7.203173e-05
9.87          	7.203144e-05
9.88          	7.203121e-05
9.89          	7.203093e-05
9.9           	7.203067e-05
9.91          	7.203045e-05
9.92          	7.203018e-05
9.93          	7.202994e-05
9.94          	7.202970e-05
9.95          	7.202944e-05
9.96          	7.202919e-05
9.97          	7.202898e-05
9.98          	7.202872e-05
9.99          	7.202850e-05
10            	7.202826e-05
10.01         	7.202802e-05
10.02         	7.202779e-05
10.03         	7.202758e-05
10.04         	7.202734e-05
10.05         	7.202712e-05
10.06         	7.202690e-05
10.07         	7.202668e-05
10.08         	7.202647e-05
10.09         	7.202626e-05
10.1          	7.202604e-05
10.11         	7.202582e-05
10.12         	7.202563e-05
10.13         	7.202542e-05
10.14         	7.202521e-05
10.15         	7.202500e-05
10.16         	7.202481e-05
10.17         	7.202461e-05
10.18         	7.202441e-05
10.19         	7.202421e-05
10.2          	7.202401e-05
10.21         	7.202384e-05
10.22         	7.202363e-05
10.23         	7.202343e-05
10.24         	7.202329e-05
10.25         	7.202307e-05
10.26         	7.202290e-05
10.27         	7.202272e-05
10.28         	7.202252e-05
10.29         	7.202238e-05
10.3          	7.202218e-05
10.31         	7.202201e-05
10.32         	7.202185e-05
10.33         	7.202167e-05
10.34         	7.202150e-05
10.35         	7.202134e-05
10.36         	7.202115e-05
10.37         	7.202099e-05
10.38         	7.202087e-05
10.39         	7.202069e-05
10.4          	7.202053e-05
10.41         	7.202035e-05
10.42         	7.202021e-05
10.43         	7.202007e-05
10.44         	7.201991e-05
10.45         	7.201974e-05
10.46         	7.201963e-05
10.47         	7.201948e-05
10.48         	7.201931e-05
10.49         	7.201918e-05
10.5          	7.201900e-05
10.51         	7.201887e-05
10.52         	7.201874e-05
10.53         	7.201862e-05
10.54         	7.201849e-05
10.55         	7.201834e-05
10.56         	7.201820e-05
10.57         	7.201789e-05
10.58         	7.201798e-05
10.59         	7.201786e-05
10.6          	7.201767e-05
10.61         	7.201757e-05
10.62         	7.201738e-05
10.63         	7.201730e-05
10.64         	7.201720e-05
10.65         	7.201707e-05
10.66         	7.201684e-05
10.67         	7.201671e-05
10.68         	7.201625e-05
10.69         	7.201691e-05
10.7          	7.201655e-05
10.71         	7.201633e-05
10.72         	7.201623e-05
10.73         	7.201611e-05
10.74         	7.201605e-05
10.75         	7.201592e-05
10.76         	7.201582e-05
10.77         	7.201571e-05
10.78         	7.201559e-05
10.79         	7.201551e-05
10.8          	7.201539e-05
10.81         	7.201530e-05
10.82         	7.201517e-05
10.83         	7.201511e-05
10.84         	7.201501e-05
10.85         	7.201492e-05
10.86         	7.201479e-05
10.87         	7.201471e-05
10.88         	7.201461e-05
10.89         	7.201456e-05
10.9          	7.201444e-05
10.91         	7.201436e-05
10.92         	7.201426e-05
10.93         	7.201419e-05
10.94         	7.201409e-05
10.95         	7.201401e-05
10.96         	7.201393e-05
10.97         	7.201379e-05
10.98         	7.201380e-05
10.99         	7.201368e-05
11            	7.201364e-05
11.01         	7.201353e-05
11.02         	7.201344e-05
11.03         	7.201339e-05
11.04         	7.201331e-05
11.05         	7.201324e-05
11.06         	7.201313e-05
11.07         	7.201311e-05
11.08         	7.201302e-05
11.09         	7.201296e-05
11.1          	7.201290e-05
11.11         	7.201281e-05
11.12         	7.201273e-05
11.13         	7.201267e-05
11.14         	7.201263e-05
11.15         	7.201255e-05
11.16         	7.201249e-05
11.17         	7.201240e-05
11.18         	7.201237e-05
11.19         	7.201223e-05
11.2          	7.201226e-05
11.21         	7.201221e-05
11.22         	7.201217e-05
11.23         	7.201210e-05
11.24         	7.201205e-05
11.25         	7.201200e-05
11.26         	7.201195e-05
11.27         	7.201182e-05
11.28         	7.201127e-05
11.29         	7.201228e-05
11.3          	7.201169e-05
11.31         	7.201160e-05
11.32         	7.201179e-05
11.33         	7.201128e-05
11.34         	7.201189e-05
11.35         	7.201148e-05
11.36         	7.201154e-05
11.37         	7.201148e-05
11.38         	7.201143e-05
11.39         	7.201142e-05
11.4          	7.201131e-05
11.41         	7.201135e-05
11.42         	7.201129e-05
11.43         	7.201128e-05
11.44         	7.200560e-05
11.45         	7.201602e-05
11.46         	7.201121e-05
11.47         	7.201116e-05
11.48         	7.200567e-05
11.49         	7.201575e-05
11.5          	7.201104e-05
11.51         	7.201108e-05
11.52         	7.200938e-05
11.53         	7.200862e-05
11.54         	7.200912e-05
11.55         	7.200980e-05
11.56         	7.200937e-05
11.57         	7.201048e-05
11.58         	7.201034e-05
11.59         	7.201049e-05
11.6          	7.201044e-05
11.61         	7.201017e-05
11.62         	7.201002e-05
11.63         	7.201005e-05
11.64         	7.200985e-05
11.65         	7.200980e-05
11.66         	7.200969e-05
11.67         	7.200966e-05
11.68         	7.200961e-05
11.69         	7.200968e-05
11.7          	7.200967e-05
11.71         	7.200982e-05
11.72         	7.200985e-05
11.73         	7.200996e-05
11.74         	7.201008e-05
11.75         	7.201011e-05
11.76         	7.201025e-05
11.77         	7.201030e-05
11.78         	7.201034e-05
11.79         	7.201039e-05
11.8          	7.201037e-05
11.81         	7.201032e-05
11.82         	7.201031e-05
11.83         	7.201031e-05
11.84         	7.201030e-05
11.85         	7.201029e-05
11.86         	7.201025e-05
11.87         	7.201024e-05
11.88         	7.201025e-05
11.89         	7.201027e-05
11.9          	7.201030e-05
11.91         	7.201034e-05
11.92         	7.201038e-05
11.93         	7.201045e-05
11.94         	7.201051e-05
11.95         	7.201059e-05
11.96         	7.201066e-05
11.97         	7.201073e-05
11.98         	7.201082e-05
11.99         	7.201089e-05
12            	7.201097e-05
12.01         	7.201104e-05
12.02         	7.201112e-05
12.03         	7.201112e-05
12.04         	7.201114e-05
12.05         	7.201120e-05
12.06         	7.201126e-05
12.07         	7.201135e-05
12.08         	7.201134e-05
12.09         	7.201136e-05
12.1          	7.201143e-05
12.11         	7.201165e-05
12.12         	7.201168e-05
12.13         	7.201178e-05
12.14         	7.201186e-05
12.15         	7.201187e-05
12.16         	7.201187e-05
12.17         	7.201190e-05
12.18         	7.201193e-05
12.19         	7.201194e-05
12.2          	7.201194e-05
12.21         	7.201202e-05
12.22         	7.202040e-05
12.23         	7.201045e-05
12.24         	7.201618e-05
12.25         	7.201074e-05
12.26         	7.201635e-05
12.27         	7.201640e-05
12.28         	7.201254e-05
12.29         	7.200690e-05
12.3          	7.201493e-05
12.31         	7.201493e-05
12.32         	7.201493e-05
12.33         	7.201492e-05
12.34         	7.201217e-05
12.35         	7.200957e-05
12.36         	7.200959e-05
12.37         	7.201510e-05
12.38         	7.201297e-05
12.39         	7.201298e-05
12.4          	7.201738e-05
12.41         	7.201590e-05
12.42         	7.201589e-05
12.43         	7.201656e-05
12.44         	7.201732e-05
12.45         	7.201732e-05
12.46         	7.201329e-05
12.47         	7.201542e-05
12.48         	7.201541e-05
12.49         	7.201540e-05
12.5          	7.201410e-05
12.51         	7.201492e-05
12.52         	7.201545e-05
12.53         	7.201472e-05
12.54         	7.201580e-05
12.55         	7.201669e-05
12.56         	7.201636e-05
12.57         	7.201619e-05
12.58         	7.201647e-05
12.59         	7.201668e-05
12.6          	7.201666e-05
12.61         	7.201669e-05
12.62         	7.201665e-05
12.63         	7.201677e-05
12.64         	7.202434e-05
12.65         	7.201628e-05
12.66         	7.201624e-05
12.67         	7.201629e-05
12.68         	7.201736e-05
12.69         	7.201769e-05
12.7          	7.202527e-05
12.71         	7.201716e-05
12.72         	7.201716e-05
12.73         	7.201717e-05
12.74         	7.202256e-05
12.75         	7.202272e-05
12.76         	7.202273e-05
12.77         	7.200912e-05
12.78         	7.200912e-05
12.79         	7.203474e-05
12.8          	7.201565e-05
12.81         	7.201565e-05
12.82         	7.201565e-05
12.83         	7.201565e-05
12.84         	7.203674e-05
12.85         	7.201610e-05
12.86         	7.201611e-05
12.87         	7.201613e-05
12.88         	7.203270e-05
12.89         	7.201771e-05
12.9          	7.201773e-05
12.91         	7.201777e-05
12.92         	7.203012e-05
12.93         	7.201916e-05
12.94         	7.201916e-05
12.95         	7.201917e-05
12.96         	7.202031e-05
12.97         	7.202000e-05
12.98         	7.202000e-05
12.99         	7.203381e-05
13            	7.202043e-05
13.01         	7.202042e-05
13.02         	7.201921e-05
13.03         	7.202932e-05
13.04         	7.202931e-05
13.05         	7.201314e-05
13.06         	7.202550e-05
13.07         	7.202549e-05
13.08         	7.202549e-05
13.09         	7.202548e-05
13.1          	7.202548e-05
13.11         	7.201238e-05
13.12         	7.202654e-05
13.13         	7.202653e-05
13.14         	7.202654e-05
13.15         	7.201688e-05
13.16         	7.202598e-05
13.17         	7.202598e-05
13.18         	7.202598e-05
13.19         	7.202426e-05
13.2          	7.202394e-05
13.21         	7.202395e-05
13.22         	7.202567e-05
13.23         	7.202436e-05
13.24         	7.202391e-05
13.25         	7.202372e-05
13.26         	7.202366e-05
13.27         	7.202364e-05
13.28         	7.202371e-05
13.29         	7.202373e-05
13.3          	7.203616e-05
13.31         	7.202561e-05
13.32         	7.202561e-05
13.33         	7.202561e-05
13.34         	7.202508e-05
13.35         	7.202568e-05
13.36         	7.202555e-05
13.37         	7.202546e-05
13.38         	7.202552e-05
13.39         	7.202554e-05
13.4          	7.202547e-05
13.41         	7.202546e-05
13.42         	7.202548e-05
13.43         	7.202553e-05
13.44         	7.202554e-05
13.45         	7.204252e-05
13.46         	7.202352e-05
13.47         	7.202352e-05
13.48         	7.202352e-05
13.49         	7.203790e-05
13.5          	7.202497e-05
13.51         	7.202497e-05
13.52         	7.202498e-05
13.53         	7.203511e-05
13.54         	7.202638e-05
13.55         	7.202638e-05
13.56         	7.202637e-05
13.57         	7.203211e-05
13.58         	7.202734e-05
13.59         	7.202734e-05
13.6          	7.202733e-05
13.61         	7.202717e-05
13.62         	7.202742e-05
13.63         	7.202742e-05
13.64         	7.203026e-05
13.65         	7.202965e-05
13.66         	7.202965e-05
13.67         	7.202965e-05
13.68         	7.203162e-05
13.69         	7.202934e-05
13.7          	7.202889e-05
13.71         	7.202889e-05
13.72         	7.202843e-05
13.73         	7.202927e-05
13.74         	7.202913e-05
13.75         	7.202908e-05
13.76         	7.202905e-05
13.77         	7.202907e-05
13.78         	7.202907e-05
13.79         	7.202756e-05
13.8          	7.202806e-05
13.81         	7.202893e-05
13.82         	7.202854e-05
13.83         	7.202881e-05
13.84         	7.202882e-05
13.85         	7.202884e-05
13.86         	7.202890e-05
13.87         	7.202890e-05
13.88         	7.202889e-05
13.89         	7.202888e-05
13.9          	7.202889e-05
13.91         	7.204250e-05
13.92         	7.202996e-05
13.93         	7.202996e-05
13.94         	7.203005e-05
13.95         	7.203003e-05
13.96         	7.203002e-05
13.97         	7.202991e-05
13.98         	7.202989e-05
13.99         	7.203000e-05
14            	7.202999e-05
14.01         	7.203007e-05
14.02         	7.203005e-05
14.03         	7.202998e-05
14.04         	7.203002e-05
14.05         	7.203000e-05
14.06         	7.203000e-05
14.07         	7.202999e-05
14.08         	7.202999e-05
14.09         	7.202999e-05
14.1          	7.202999e-05
14.11         	7.203606e-05
14.12         	7.202927e-05
14.13         	7.202926e-05
14.14         	7.202925e-05
14.15         	7.202925e-05
14.16         	7.202925e-05
14.17         	7.203740e-05
14.18         	7.202905e-05
14.19         	7.202876e-05
14.2          	7.202870e-05
14.21         	7.203498e-05
14.22         	7.203563e-05
14.23         	7.202484e-05
14.24         	7.203156e-05
14.25         	7.203193e-05
14.26         	7.203184e-05
14.27         	7.203185e-05
14.28         	7.203177e-05
14.29         	7.203180e-05
14.3          	7.203180e-05
14.31         	7.203180e-05
14.32         	7.203180e-05
14.33         	7.203181e-05
14.34         	7.203180e-05
14.35         	7.201977e-05
14.36         	7.203055e-05
14.37         	7.203053e-05
14.38         	7.203055e-05
14.39         	7.203055e-05
14.4          	7.203055e-05
14.41         	7.203055e-05
14.42         	7.203055e-05
14.43         	7.203055e-05
14.44         	7.203055e-05
14.45         	7.203210e-05
14.46         	7.203153e-05
14.47         	7.203081e-05
14.48         	7.203101e-05
14.49         	7.203104e-05
14.5          	7.203106e-05
14.51         	7.203108e-05
14.52         	7.203104e-05
14.53         	7.203107e-05
14.54         	7.203107e-05
14.55         	7.203107e-05
14.56         	7.203105e-05
14.57         	7.203105e-05
14.58         	7.203106e-05
14.59         	7.203106e-05
14.6          	7.203106e-05
14.61         	7.203106e-05
14.62         	7.203106e-05
14.63         	7.203106e-05
14.64         	7.203106e-05
14.65         	7.203106e-05
14.66         	7.203106e-05
14.67         	7.203106e-05
14.68         	7.203106e-05
14.69         	7.203106e-05
14.7          	7.203162e-05
14.71         	7.203068e-05
14.72         	7.203083e-05
14.73         	7.203179e-05
14.74         	7.203219e-05
14.75         	7.203158e-05
14.76         	7.203164e-05
14.77         	7.203159e-05
14.78         	7.203146e-05
14.79         	7.203144e-05
14.8          	7.203149e-05
14.81         	7.203148e-05
14.82         	7.203149e-05
14.83         	7.203149e-05
14.84         	7.203149e-05
14.85         	7.203149e-05
14.86         	7.203149e-05
14.87         	7.203149e-05
14.88         	7.203149e-05
14.89         	7.203149e-05
14.9          	7.203149e-05
14.91         	7.203149e-05
14.92         	7.203149e-05
14.93         	7.203149e-05
14.94         	7.203149e-05
14.95         	7.203149e-05
14.96         	7.203149e-05
14.97         	7.203138e-05
14.98         	7.203140e-05
14.99         	7.203140e-05
15            	7.203142e-05
15.01         	7.203138e-05
15.02         	7.203139e-05
15.03         	7.203138e-05
15.04         	7.203138e-05
15.05         	7.203138e-05
15.06         	7.203138e-05
15.07         	7.203138e-05
15.08         	7.203138e-05
15.09         	7.203137e-05
15.1          	7.203138e-05
15.11         	7.203138e-05
15.12         	7.203137e-05
15.13         	7.203138e-05
15.14         	7.203137e-05
15.15         	7.203138e-05
15.16         	7.203137e-05
15.17         	7.203138e-05
15.18         	7.203137e-05
15.19         	7.203138e-05
15.2          	7.203137e-05
15.21         	7.203138e-05
15.22         	7.203137e-05
15.23         	7.203138e-05
15.24         	7.203137e-05
15.25         	7.203138e-05
15.26         	7.203137e-05
15.27         	7.203138e-05
15.28         	7.203137e-05
15.29         	7.201314e-05
15.3          	7.203086e-05
15.31         	7.203083e-05
15.32         	7.203084e-05
15.33         	7.203085e-05
15.34         	7.203085e-05
15.35         	7.203085e-05
15.36         	7.203085e-05
15.37         	7.203085e-05
15.38         	7.203085e-05
15.39         	7.203085e-05
15.4          	7.203085e-05
15.41         	7.203085e-05
15.42         	7.203085e-05
15.43         	7.203085e-05
15.44         	7.203085e-05
15.45         	7.203085e-05
15.46         	7.203085e-05
15.47         	7.203085e-05
15.48         	7.203085e-05
15.49         	7.203085e-05
15.5          	7.203085e-05
15.51         	7.203085e-05
15.52         	7.203085e-05
15.53         	7.203085e-05
15.54         	7.203085e-05
15.55         	7.203085e-05
15.56         	7.203086e-05
15.57         	7.203085e-05
15.58         	7.203086e-05
15.59         	7.203085e-05
15.6          	7.203086e-05
15.61         	7.203085e-05
15.62         	7.203086e-05
15.63         	7.203085e-05
15.64         	7.203086e-05
15.65         	7.203086e-05
15.66         	7.203086e-05
15.67         	7.203086e-05
15.68         	7.203086e-05
15.69         	7.203086e-05
15.7          	7.203086e-05
15.71         	7.203086e-05
15.72         	7.203086e-05
15.73         	7.203086e-05
15.74         	7.203086e-05
15.75         	7.203086e-05
15.76         	7.203086e-05
15.77         	7.203086e-05
15.78         	7.203086e-05
15.79         	7.203086e-05
15.8          	7.203086e-05
15.81         	7.203086e-05
15.82         	7.203087e-05
15.83         	7.203086e-05
15.84         	7.203087e-05
15.85         	7.203086e-05
15.86         	7.203086e-05
15.87         	7.203087e-05
15.88         	7.203087e-05
15.89         	7.203087e-05
15.9          	7.203087e-05
15.91         	7.203087e-05
15.92         	7.203087e-05
15.93         	7.203087e-05
15.94         	7.203087e-05
15.95         	7.203087e-05
15.96         	7.203087e-05
15.97         	7.203087e-05
15.98         	7.203087e-05
15.99         	7.203087e-05
16            	7.203087e-05
16.01         	7.203087e-05
16.02         	7.203087e-05
16.03         	7.203088e-05
16.04         	7.203087e-05
16.05         	7.203087e-05
16.06         	7.203088e-05
16.07         	7.203087e-05
16.08         	7.203087e-05
16.09         	7.203088e-05
16.1          	7.203088e-05
16.11         	7.203088e-05
16.12         	7.203088e-05
16.13         	7.203088e-05
16.14         	7.203088e-05
16.15         	7.203088e-05
16.16         	7.203088e-05
16.17         	7.203088e-05
16.18         	7.203088e-05
16.19         	7.203088e-05
16.2          	7.203088e-05
16.21         	7.203088e-05
16.22         	7.203088e-05
16.23         	7.203088e-05
16.24         	7.203088e-05
16.25         	7.203088e-05
16.26         	7.203088e-05
16.27         	7.203089e-05
16.28         	7.203089e-05
16.29         	7.203088e-05
16.3          	7.203089e-05
16.31         	7.203089e-05
16.32         	7.203088e-05
16.33         	7.203089e-05
16.34         	7.203089e-05
16.35         	7.203089e-05
16.36         	7.203089e-05
16.37         	7.203089e-05
16.38         	7.203089e-05
16.39         	7.203089e-05
16.4          	7.203089e-05
16.41         	7.203089e-05
16.42         	7.203089e-05
16.43         	7.203089e-05
16.44         	7.203089e-05
16.45         	7.203089e-05
16.46         	7.203089e-05
16.47         	7.203089e-05
16.48         	7.203089e-05
16.49         	7.203089e-05
16.5          	7.203089e-05
16.51         	7.203089e-05
16.52         	7.203089e-05
16.53         	7.203089e-05
16.54         	7.203089e-05
16.55         	7.203090e-05
16.56         	7.203089e-05
16.57         	7.203090e-05
16.58         	7.203090e-05
16.59         	7.203090e-05
16.6          	7.203090e-05
16.61         	7.203090e-05
16.62         	7.203090e-05
16.63         	7.203090e-05
16.64         	7.203090e-05
16.65         	7.203090e-05
16.66         	7.203090e-05
16.67         	7.203090e-05
16.68         	7.203090e-05
16.69         	7.203090e-05
16.7          	7.203090e-05
16.71         	7.203090e-05
16.72         	7.203090e-05
16.73         	7.205440e-05
16.74         	7.203122e-05
16.75         	7.203123e-05
16.76         	7.203122e-05
16.77         	7.203123e-05
16.78         	7.203123e-05
16.79         	7.203123e-05
16.8          	7.203123e-05
16.81         	7.203123e-05
16.82         	7.203123e-05
16.83         	7.203123e-05
16.84         	7.203123e-05
16.85         	7.203123e-05
16.86         	7.203123e-05
16.87         	7.203123e-05
16.88         	7.203123e-05
16.89         	7.203123e-05
16.9          	7.203123e-05
16.91         	7.203123e-05
16.92         	7.203123e-05
16.93         	7.203123e-05
16.94         	7.203123e-05
16.95         	7.203123e-05
16.96         	7.203123e-05
16.97         	7.203123e-05
16.98         	7.203122e-05
16.99         	7.203123e-05
17            	7.203122e-05
17.01         	7.203123e-05
17.02         	7.203122e-05
17.03         	7.203123e-05
17.04         	7.203122e-05
17.05         	7.203123e-05
17.06         	7.203122e-05
17.07         	7.203123e-05
17.08         	7.203122e-05
17.09         	7.203122e-05
17.1          	7.203122e-05
17.11         	7.203122e-05
17.12         	7.203122e-05
17.13         	7.203122e-05
17.14         	7.203085e-05
17.15         	7.202964e-05
17.16         	7.203018e-05
17.17         	7.202990e-05
17.18         	7.203007e-05
17.19         	7.202999e-05
17.2          	7.203025e-05
17.21         	7.203025e-05
17.22         	7.203018e-05
17.23         	7.203018e-05
17.24         	7.203020e-05
17.25         	7.203020e-05
17.26         	7.203019e-05
17.27         	7.203019e-05
17.28         	7.203019e-05
17.29         	7.203019e-05
17.3          	7.203019e-05
17.31         	7.203019e-05
17.32         	7.203019e-05
17.33         	7.203019e-05
17.34         	7.203019e-05
17.35         	7.203019e-05
17.36         	7.203019e-05
17.37         	7.204707e-05
17.38         	7.203115e-05
17.39         	7.203115e-05
17.4          	7.203116e-05
17.41         	7.203116e-05
17.42         	7.203116e-05
17.43         	7.203116e-05
17.44         	7.203116e-05
17.45         	7.203115e-05
17.46         	7.203115e-05
17.47         	7.203116e-05
17.48         	7.203116e-05
17.49         	7.203116e-05
17.5          	7.203116e-05
17.51         	7.203115e-05
17.52         	7.203115e-05
17.53         	7.203116e-05
17.54         	7.203115e-05
17.55         	7.203116e-05
17.56         	7.203115e-05
17.57         	7.203116e-05
17.58         	7.203115e-05
17.59         	7.203115e-05
17.6          	7.203115e-05
17.61         	7.203115e-05
17.62         	7.203115e-05
17.63         	7.203115e-05
17.64         	7.203115e-05
17.65         	7.203115e-05
17.66         	7.203115e-05
17.67         	7.203115e-05
17.68         	7.203115e-05
17.69         	7.203115e-05
17.7          	7.203115e-05
17.71         	7.203115e-05
17.72         	7.203115e-05
17.73         	7.203115e-05
17.74         	7.203115e-05
17.75         	7.203115e-05
17.76         	7.203115e-05
17.77         	7.203115e-05
17.78         	7.203115e-05
17.79         	7.203115e-05
17.8          	7.203115e-05
17.81         	7.203115e-05
17.82         	7.203115e-05
17.83         	7.203115e-05
17.84         	7.203115e-05
17.85         	7.203115e-05
17.86         	7.203114e-05
17.87         	7.203115e-05
17.88         	7.203114e-05
17.89         	7.203115e-05
17.9          	7.203114e-05
17.91         	7.203115e-05
17.92         	7.203114e-05
17.93         	7.203115e-05
17.94         	7.203114e-05
17.95         	7.203115e-05
17.96         	7.203114e-05
17.97         	7.203114e-05
17.98         	7.203114e-05
17.99         	7.203114e-05
18            	7.203114e-05
18.01         	7.203114e-05
18.02         	7.203114e-05
18.03         	7.203114e-05
18.04         	7.203114e-05
18.05         	7.203114e-05
18.06         	7.203114e-05
18.07         	7.203114e-05
18.08         	7.203114e-05
18.09         	7.203114e-05
18.1          	7.203114e-05
18.11         	7.203114e-05
18.12         	7.203114e-05
18.13         	7.203114e-05
18.14         	7.203114e-05
18.15         	7.203114e-05
18.16         	7.203114e-05
18.17         	7.203114e-05
18.18         	7.203114e-05
18.19         	7.203114e-05
18.2          	7.203114e-05
18.21         	7.203114e-05
18.22         	7.203114e-05
18.23         	7.203114e-05
18.24         	7.203114e-05
18.25         	7.203114e-05
18.26         	7.203114e-05
18.27         	7.203114e-05
18.28         	7.203114e-05
18.29         	7.203114e-05
18.3          	7.203114e-05
18.31         	7.203114e-05
18.32         	7.203114e-05
18.33         	7.203114e-05
18.34         	7.203114e-05
18.35         	7.203114e-05
18.36         	7.203114e-05
18.37         	7.203114e-05
18.38         	7.203114e-05
18.39         	7.203114e-05
18.4          	7.203114e-05
18.41         	7.203114e-05
18.42         	7.203114e-05
18.43         	7.203114e-05
18.44         	7.203114e-05
18.45         	7.203114e-05
18.46         	7.203114e-05
18.47         	7.203114e-05
18.48         	7.203114e-05
18.49         	7.203114e-05
18.5          	7.203114e-05
18.51         	7.203114e-05
18.52         	7.203114e-05
18.53         	7.203114e-05
18.54         	7.203114e-05
18.55         	7.203114e-05
18.56         	7.203114e-05
18.57         	7.203114e-05
18.58         	7.203114e-05
18.59         	7.203114e-05
18.6          	7.203114e-05
18.61         	7.203114e-05
18.62         	7.203114e-05
18.63         	7.203114e-05
18.64         	7.203114e-05
18.65         	7.203114e-05
18.66         	7.203114e-05
18.67         	7.203114e-05
18.68         	7.203114e-05
18.69         	7.203114e-05
18.7          	7.203114e-05
18.71         	7.203114e-05
18.72         	7.203114e-05
18.73         	7.203114e-05
18.74         	7.203114e-05
18.75         	7.203114e-05
18.76         	7.203114e-05
18.77         	7.203114e-05
18.78         	7.203114e-05
18.79         	7.203114e-05
18.8          	7.203114e-05
18.81         	7.203114e-05
18.82         	7.203114e-05
18.83         	7.203114e-05
18.84         	7.203114e-05
18.85         	7.203114e-05
18.86         	7.203114e-05
18.87         	7.203114e-05
18.88         	7.203114e-05
18.89         	7.203114e-05
18.9          	7.203114e-05
18.91         	7.203114e-05
18.92         	7.203114e-05
18.93         	7.203114e-05
18.94         	7.203114e-05
18.95         	7.203114e-05
18.96         	7.203114e-05
18.97         	7.203114e-05
18.98         	7.203114e-05
18.99         	7.203114e-05
19            	7.203114e-05
19.01         	7.203114e-05
19.02         	7.203114e-05
19.03         	7.203114e-05
19.04         	7.203114e-05
19.05         	7.203114e-05
19.06         	7.203114e-05
19.07         	7.203114e-05
19.08         	7.203114e-05
19.09         	7.203114e-05
19.1          	7.203114e-05
19.11         	7.203114e-05
19.12         	7.203114e-05
19.13         	7.203114e-05
19.14         	7.203114e-05
19.15         	7.203114e-05
19.16         	7.203114e-05
19.17         	7.203114e-05
19.18         	7.203114e-05
19.19         	7.203114e-05
19.2          	7.203114e-05
19.21         	7.203114e-05
19.22         	7.203114e-05
19.23         	7.203114e-05
19.24         	7.203114e-05
19.25         	7.203114e-05
19.26         	7.203114e-05
19.27         	7.203114e-05
19.28         	7.203114e-05
19.29         	7.203114e-05
19.3          	7.203114e-05
19.31         	7.203115e-05
19.32         	7.203115e-05
19.33         	7.203115e-05
19.34         	7.203115e-05
19.35         	7.203115e-05
19.36         	7.203115e-05
19.37         	7.203115e-05
19.38         	7.203115e-05
19.39         	7.203115e-05
19.4          	7.203115e-05
19.41         	7.203115e-05
19.42         	7.203115e-05
19.43         	7.203115e-05
19.44         	7.203115e-05
19.45         	7.203115e-05
19.46         	7.203115e-05
19.47         	7.203115e-05
19.48         	7.203115e-05
19.49         	7.203115e-05
19.5          	7.203115e-05
19.51         	7.203115e-05
19.52         	7.203115e-05
19.53         	7.203115e-05
19.54         	7.203115e-05
19.55         	7.203115e-05
19.56         	7.203115e-05
19.57         	7.203115e-05
19.58         	7.203115e-05
19.59         	7.203115e-05
19.6          	7.203115e-05
19.61         	7.203115e-05
19.62         	7.203115e-05
19.63         	7.203115e-05
19.64         	7.203115e-05
19.65         	7.203115e-05
19.66         	7.203115e-05
19.67         	7.203115e-05
19.68         	7.203115e-05
19.69         	7.203115e-05
19.7          	7.203115e-05
19.71         	7.203115e-05
19.72         	7.203115e-05
19.73         	7.203115e-05
19.74         	7.203115e-05
19.75         	7.203115e-05
19.76         	7.203115e-05
19.77         	7.203115e-05
19.78         	7.203115e-05
19.79         	7.203115e-05
19.8          	7.203115e-05
19.81         	7.203115e-05
19.82         	7.203115e-05
19.83         	7.203115e-05
19.84         	7.203115e-05
19.85         	7.203116e-05
19.86         	7.203116e-05
19.87         	7.203116e-05
19.88         	7.203116e-05
19.89         	7.203116e-05
19.9          	7.203116e-05
19.91         	7.203116e-05
19.92         	7.203116e-05
19.93         	7.203116e-05
19.94         	7.203116e-05
19.95         	7.203116e-05
19.96         	7.203116e-05
19.97         	7.203116e-05
19.98         	7.203116e-05
19.99         	7.203116e-05
20            	7.203116e-05
20.01         	7.203116e-05
20.02         	7.203116e-05
20.03         	7.203116e-05
20.04         	7.203116e-05
20.05         	7.203116e-05
20.06         	7.203116e-05
20.07         	7.203116e-05
20.08         	7.203116e-05
20.09         	7.203116e-05
20.1          	7.203116e-05
20.11         	7.203116e-05
20.12         	7.203116e-05
20.13         	7.203116e-05
20.14         	7.203116e-05
20.15         	7.203116e-05
20.16         	7.203116e-05
20.17         	7.203116e-05
20.18         	7.203116e-05
20.19         	7.203116e-05
20.2          	7.203116e-05
20.21         	7.203116e-05
20.22         	7.203116e-05
20.23         	7.203116e-05
20.24         	7.203116e-05
20.25         	7.203116e-05
20.26         	7.203116e-05
20.27         	7.203116e-05
20.28         	7.203116e-05
20.29         	7.203116e-05
20.3          	7.203116e-05
20.31         	7.203116e-05
20.32         	7.203116e-05
20.33         	7.203116e-05
20.34         	7.203116e-05
20.35         	7.203116e-05
20.36         	7.203116e-05
20.37         	7.203116e-05
20.38         	7.203116e-05
20.39         	7.203116e-05
20.4          	7.203116e-05
20.41         	7.203116e-05
20.42         	7.203116e-05
20.43         	7.203116e-05
20.44         	7.203116e-05
20.45         	7.203116e-05
20.46         	7.203116e-05
20.47         	7.203116e-05
20.48         	7.203116e-05
20.49         	7.203116e-05
20.5          	7.203116e-05
20.51         	7.203116e-05
20.52         	7.203116e-05
20.53         	7.203116e-05
20.54         	7.203116e-05
20.55         	7.203116e-05
20.56         	7.203116e-05
20.57         	7.203116e-05
20.58         	7.203116e-05
20.59         	7.203116e-05
20.6          	7.203116e-05
20.61         	7.203116e-05
20.62         	7.203116e-05
20.63         	7.203116e-05
20.64         	7.203116e-05
20.65         	7.203116e-05
20.66         	7.203116e-05
20.67         	7.203116e-05
20.68         	7.203116e-05
20.69         	7.203116e-05
20.7          	7.203116e-05
20.71         	7.203116e-05
20.72         	7.203116e-05
20.73         	7.203116e-05
20.74         	7.203116e-05
20.75         	7.203116e-05
20.76         	7.203116e-05
20.77         	7.203116e-05
20.78         	7.203116e-05
20.79         	7.203116e-05
20.8          	7.203116e-05
20.81         	7.203116e-05
20.82         	7.203116e-05
20.83         	7.203116e-05
20.84         	7.203116e-05
20.85         	7.203116e-05
20.86         	7.203116e-05
20.87         	7.203116e-05
20.88         	7.203116e-05
20.89         	7.203116e-05
20.9          	7.203116e-05
20.91         	7.203116e-05
20.92         	7.203116e-05
20.93         	7.203116e-05
20.94         	7.203116e-05
20.95         	7.203116e-05
20.96         	7.203116e-05
20.97         	7.203116e-05
20.98         	7.203116e-05
20.99         	7.203116e-05
21            	7.203116e-05
21.01         	7.203116e-05
21.02         	7.203116e-05
21.03         	7.203116e-05
21.04         	7.203115e-05
21.05         	7.203115e-05
21.06         	7.203115e-05
21.07         	7.203115e-05
21.08         	7.203115e-05
21.09         	7.203115e-05
21.1          	7.203115e-05
21.11         	7.203115e-05
21.12         	7.203115e-05
21.13         	7.203115e-05
21.14         	7.203115e-05
21.15         	7.203115e-05
21.16         	7.203115e-05
21.17         	7.203115e-05
21.18         	7.203115e-05
21.19         	7.203115e-05
21.2          	7.203115e-05
21.21         	7.203115e-05
21.22         	7.203115e-05
21.23         	7.203115e-05
21.24         	7.203115e-05
21.25         	7.203115e-05
21.26         	7.203115e-05
21.27         	7.203115e-05
21.28         	7.203115e-05
21.29         	7.203115e-05
21.3          	7.203115e-05
21.31         	7.203115e-05
21.32         	7.203115e-05
21.33         	7.203115e-05
21.34         	7.203115e-05
21.35         	7.203115e-05
21.36         	7.203115e-05
21.37         	7.203115e-05
21.38         	7.203115e-05
21.39         	7.203115e-05
21.4          	7.203115e-05
21.41         	7.203115e-05
21.42         	7.203115e-05
21.43         	7.203115e-05
21.44         	7.203115e-05
21.45         	7.203115e-05
21.46         	7.203115e-05
21.47         	7.203115e-05
21.48         	7.203115e-05
21.49         	7.203115e-05
21.5          	7.203115e-05
21.51         	7.203115e-05
21.52         	7.203115e-05
21.53         	7.203115e-05
21.54         	7.203115e-05
21.55         	7.203115e-05
21.56         	7.203115e-05
21.57         	7.203115e-05
21.58         	7.203115e-05
21.59         	7.203115e-05
21.6          	7.203115e-05
21.61         	7.203115e-05
21.62         	7.203115e-05
21.63         	7.203114e-05
21.64         	7.203114e-05
21.65         	7.203114e-05
21.66         	7.203114e-05
21.67         	7.203114e-05
21.68         	7.203114e-05
21.69         	7.203114e-05
21.7          	7.203114e-05
21.71         	7.203114e-05
21.72         	7.203114e-05
21.73         	7.203114e-05
21.74         	7.203114e-05
21.75         	7.203114e-05
21.76         	7.203114e-05
21.77         	7.203114e-05
21.78         	7.203114e-05
21.79         	7.203114e-05
21.8          	7.203114e-05
21.81         	7.203114e-05
21.82         	7.203114e-05
21.83         	7.203114e-05
21.84         	7.203114e-05
21.85         	7.203114e-05
21.86         	7.203114e-05
21.87         	7.203114e-05
21.88         	7.203114e-05
21.89         	7.203114e-05
21.9          	7.203114e-05
21.91         	7.203114e-05
21.92         	7.203114e-05
21.93         	7.203114e-05
21.94         	7.203114e-05
21.95         	7.203114e-05
21.96         	7.203114e-05
21.97         	7.203114e-05
21.98         	7.203114e-05
21.99         	7.203114e-05
22            	7.203114e-05
22.01         	7.203114e-05
22.02         	7.203114e-05
22.03         	7.203114e-05
22.04         	7.203114e-05
22.05         	7.203114e-05
22.06         	7.203114e-05
22.07         	7.203114e-05
22.08         	7.203114e-05
22.09         	7.203114e-05
22.1          	7.203114e-05
22.11         	7.203114e-05
22.12         	7.203114e-05
22.13         	7.203114e-05
22.14         	7.203114e-05
22.15         	7.203114e-05
22.16         	7.203114e-05
22.17         	7.203114e-05
22.18         	7.203114e-05
22.19         	7.203114e-05
22.2          	7.203114e-05
22.21         	7.203114e-05
22.22         	7.203114e-05
22.23         	7.203114e-05
22.24         	7.203114e-05
22.25         	7.203114e-05
22.26         	7.203114e-05
22.27         	7.203114e-05
22.28         	7.203114e-05
22.29         	7.203114e-05
22.3          	7.203114e-05
22.31         	7.203114e-05
22.32         	7.203114e-05
22.33         	7.203114e-05
22.34         	7.203114e-05
22.35         	7.203114e-05
22.36         	7.203114e-05
22.37         	7.203114e-05
22.38         	7.203114e-05
22.39         	7.203114e-05
22.4          	7.203114e-05
22.41         	7.203113e-05
22.42         	7.203113e-05
22.43         	7.203113e-05
22.44         	7.203113e-05
22.45         	7.203113e-05
22.46         	7.203113e-05
22.47         	7.203113e-05
22.48         	7.203113e-05
22.49         	7.203113e-05
22.5          	7.203113e-05
22.51         	7.203113e-05
22.52         	7.203113e-05
22.53         	7.203113e-05
22.54         	7.203113e-05
22.55         	7.203113e-05
22.56         	7.203113e-05
22.57         	7.203113e-05
22.58         	7.203113e-05
22.59         	7.203113e-05
22.6          	7.203113e-05
22.61         	7.203113e-05
22.62         	7.203113e-05
22.63         	7.203113e-05
22.64         	7.203113e-05
22.65         	7.203113e-05
22.66         	7.203113e-05
22.67         	7.203113e-05
22.68         	7.203113e-05
22.69         	7.203113e-05
22.7          	7.203113e-05
22.71         	7.203113e-05
22.72         	7.203113e-05
22.73         	7.203113e-05
22.74         	7.203113e-05
22.75         	7.203113e-05
22.76         	7.203113e-05
22.77         	7.203113e-05
22.78         	7.203113e-05
22.79         	7.203113e-05
22.8          	7.203113e-05
22.81         	7.203113e-05
22.82         	7.203113e-05
22.83         	7.203113e-05
22.84         	7.203113e-05
22.85         	7.203113e-05
22.86         	7.203113e-05
22.87         	7.203113e-05
22.88         	7.203113e-05
22.89         	7.203113e-05
22.9          	7.203113e-05
22.91         	7.203113e-05
22.92         	7.203113e-05
22.93         	7.203113e-05
22.94         	7.203113e-05
22.95         	7.203113e-05
22.96         	7.203113e-05
22.97         	7.203113e-05
22.98         	7.203113e-05
22.99         	7.203113e-05
23            	7.203113e-05
23.01         	7.203113e-05
23.02         	7.203113e-05
23.03         	7.203113e-05
23.04         	7.203113e-05
23.05         	7.203113e-05
23.06         	7.203113e-05
23.07         	7.203113e-05
23.08         	7.203113e-05
23.09         	7.203113e-05
23.1          	7.203113e-05
23.11         	7.203113e-05
23.12         	7.203113e-05
23.13         	7.203113e-05
23.14         	7.203113e-05
23.15         	7.203113e-05
23.16         	7.203113e-05
23.17         	7.203113e-05
23.18         	7.203113e-05
23.19         	7.203113e-05
23.2          	7.203113e-05
23.21         	7.203113e-05
23.22         	7.203113e-05
23.23         	7.203113e-05
23.24         	7.203113e-05
23.25         	7.203113e-05
23.26         	7.203113e-05
23.27         	7.203113e-05
23.28         	7.203113e-05
23.29         	7.203113e-05
23.3          	7.203113e-05
23.31         	7.203113e-05
23.32         	7.203113e-05
23.33         	7.203113e-05
23.34         	7.203113e-05
23.35         	7.203113e-05
23.36         	7.203113e-05
23.37         	7.203113e-05
23.38         	7.203113e-05
23.39         	7.203113e-05
23.4          	7.203113e-05
23.41         	7.203113e-05
23.42         	7.203113e-05
23.43         	7.203113e-05
23.44         	7.203113e-05
23.45         	7.203113e-05
23.46         	7.203113e-05
23.47         	7.203113e-05
23.48         	7.203113e-05
23.49         	7.203112e-05
23.5          	7.203112e-05
23.51         	7.203112e-05
23.52         	7.203112e-05
23.53         	7.203112e-05
23.54         	7.203112e-05
23.55         	7.203112e-05
23.56         	7.203112e-05
23.57         	7.203112e-05
23.58         	7.203112e-05
23.59         	7.203112e-05
23.6          	7.203112e-05
23.61         	7.203112e-05
23.62         	7.203112e-05
23.63         	7.203112e-05
23.64         	7.203112e-05
23.65         	7.203112e-05
23.66         	7.203112e-05
23.67         	7.203112e-05
23.68         	7.203112e-05
23.69         	7.203112e-05
23.7          	7.203112e-05
23.71         	7.203112e-05
23.72         	7.203112e-05
23.73         	7.203112e-05
23.74         	7.203112e-05
23.75         	7.203112e-05
23.76         	7.203112e-05
23.77         	7.203112e-05
23.78         	7.203112e-05
23.79         	7.203112e-05
23.8          	7.203112e-05
23.81         	7.203112e-05
23.82         	7.203112e-05
23.83         	7.203112e-05
23.84         	7.203112e-05
23.85         	7.203112e-05
23.86         	7.203112e-05
23.87         	7.203112e-05
23.88         	7.203112e-05
23.89         	7.203112e-05
23.9          	7.203112e-05
23.91         	7.203112e-05
23.92         	7.203112e-05
23.93         	7.203112e-05
23.94         	7.203112e-05
23.95         	7.203112e-05
23.96         	7.203112e-05
23.97         	7.203112e-05
23.98         	7.203112e-05
23.99         	7.203112e-05
24            	7.203112e-05
24.01         	7.203112e-05
24.02         	7.203112e-05
24.03         	7.203112e-05
24.04         	7.203112e-05
24.05         	7.203112e-05
24.06         	7.203112e-05
24.07         	7.203112e-05
24.08         	7.203112e-05
24.09         	7.203112e-05
24.1          	7.203112e-05
24.11         	7.203112e-05
24.12         	7.203112e-05
24.13         	7.203112e-05
24.14         	7.203112e-05
24.15         	7.203112e-05
24.16         	7.203112e-05
24.17         	7.203112e-05
24.18         	7.203112e-05
24.19         	7.203112e-05
24.2          	7.203112e-05
24.21         	7.203112e-05
24.22         	7.203112e-05
24.23         	7.203112e-05
24.24         	7.203112e-05
24.25         	7.203111e-05
24.26         	7.203111e-05
24.27         	7.203111e-05
24.28         	7.203111e-05
24.29         	7.203111e-05
24.3          	7.203111e-05
24.31         	7.203111e-05
24.32         	7.203111e-05
24.33         	7.203111e-05
24.34         	7.203111e-05
24.35         	7.203111e-05
24.36         	7.203111e-05
24.37         	7.203111e-05
24.38         	7.203111e-05
24.39         	7.203111e-05
24.4          	7.203111e-05
24.41         	7.203111e-05
24.42         	7.203111e-05
24.43         	7.203111e-05
24.44         	7.203111e-05
24.45         	7.203111e-05
24.46         	7.203111e-05
24.47         	7.203111e-05
24.48         	7.203111e-05
24.49         	7.203111e-05
24.5          	7.203111e-05
24.51         	7.203111e-05
24.52         	7.203111e-05
24.53         	7.203111e-05
24.54         	7.203111e-05
24.55         	7.203111e-05
24.56         	7.203111e-05
24.57         	7.203111e-05
24.58         	7.203111e-05
24.59         	7.203111e-05
24.6          	7.203111e-05
24.61         	7.203111e-05
24.62         	7.203111e-05
24.63         	7.203111e-05
24.64         	7.203111e-05
24.65         	7.203111e-05
24.66         	7.203111e-05
24.67         	7.203111e-05
24.68         	7.203111e-05
24.69         	7.203111e-05
24.7          	7.203111e-05
24.71         	7.203111e-05
24.72         	7.203111e-05
24.73         	7.203111e-05
24.74         	7.203111e-05
24.75         	7.203111e-05
24.76         	7.203111e-05
24.77         	7.203111e-05
24.78         	7.203111e-05
24.79         	7.203111e-05
24.8          	7.203111e-05
24.81         	7.203111e-05
24.82         	7.203111e-05
24.83         	7.203111e-05
24.84         	7.203111e-05
24.85         	7.203111e-05
24.86         	7.203111e-05
24.87         	7.203111e-05
24.88         	7.203111e-05
24.89         	7.203111e-05
24.9          	7.203111e-05
24.91         	7.203111e-05
24.92         	7.203111e-05
24.93         	7.203111e-05
24.94         	7.203111e-05
24.95         	7.203111e-05
24.96         	7.203111e-05
24.97         	7.203111e-05
24.98         	7.203111e-05
24.99         	7.203111e-05
25            	7.203111e-05
25.01         	7.203111e-05
25.02         	7.203111e-05
25.03         	7.203111e-05
25.04         	7.203111e-05
25.05         	7.203111e-05
25.06         	7.203111e-05
25.07         	7.203111e-05
25.08         	7.203111e-05
25.09         	7.203111e-05
25.1          	7.203111e-05
25.11         	7.203111e-05
25.12         	7.203111e-05
25.13         	7.203111e-05
25.14         	7.203111e-05
25.15         	7.203111e-05
25.16         	7.203111e-05
25.17         	7.203111e-05
25.18         	7.203111e-05
25.19         	7.203111e-05
25.2          	7.203111e-05
25.21         	7.203111e-05
25.22         	7.203111e-05
25.23         	7.203111e-05
25.24         	7.203111e-05
25.25         	7.203111e-05
25.26         	7.203110e-05
25.27         	7.203110e-05
25.28         	7.203110e-05
25.29         	7.203110e-05
25.3          	7.203110e-05
25.31         	7.203110e-05
25.32         	7.203110e-05
25.33         	7.203110e-05
25.34         	7.203110e-05
25.35         	7.203110e-05
25.36         	7.203110e-05
25.37         	7.203110e-05
25.38         	7.203110e-05
25.39         	7.203110e-05
25.4          	7.203110e-05
25.41         	7.203110e-05
25.42         	7.203110e-05
25.43         	7.203110e-05
25.44         	7.203110e-05
25.45         	7.203110e-05
25.46         	7.203110e-05
25.47         	7.203110e-05
25.48         	7.203110e-05
25.49         	7.203110e-05
25.5          	7.203110e-05
25.51         	7.203110e-05
25.52         	7.203110e-05
25.53         	7.203110e-05
25.54         	7.203110e-05
25.55         	7.203110e-05
25.56         	7.203110e-05
25.57         	7.203110e-05
25.58         	7.203110e-05
25.59         	7.203110e-05
25.6          	7.203110e-05
25.61         	7.203110e-05
25.62         	7.203110e-05
25.63         	7.203110e-05
25.64         	7.203110e-05
25.65         	7.203110e-05
25.66         	7.203110e-05
25.67         	7.203110e-05
25.68         	7.203110e-05
25.69         	7.203110e-05
25.7          	7.203110e-05
25.71         	7.203110e-05
25.72         	7.203110e-05
25.73         	7.203110e-05
25.74         	7.203110e-05
25.75         	7.203110e-05
25.76         	7.203110e-05
25.77         	7.203110e-05
25.78         	7.203110e-05
25.79         	7.203110e-05
25.8          	7.203110e-05
25.81         	7.203110e-05
25.82         	7.203110e-05
25.83         	7.203110e-05
25.84         	7.203110e-05
25.85         	7.203110e-05
25.86         	7.203110e-05
25.87         	7.203110e-05
25.88         	7.203110e-05
25.89         	7.203110e-05
25.9          	7.203110e-05
25.91         	7.203110e-05
25.92         	7.203110e-05
25.93         	7.203110e-05
25.94         	7.203110e-05
25.95         	7.203110e-05
25.96         	7.203110e-05
25.97         	7.203110e-05
25.98         	7.203110e-05
25.99         	7.203110e-05
26            	7.203110e-05
26.01         	7.203110e-05
26.02         	7.203110e-05
26.03         	7.203110e-05
26.04         	7.203110e-05
26.05         	7.203110e-05
26.06         	7.203110e-05
26.07         	7.203110e-05
26.08         	7.203110e-05
26.09         	7.203110e-05
26.1          	7.203110e-05
26.11         	7.203110e-05
26.12         	7.203110e-05
26.13         	7.203110e-05
26.14         	7.203110e-05
26.15         	7.203110e-05
26.16         	7.203110e-05
26.17         	7.203110e-05
26.18         	7.203110e-05
26.19         	7.203110e-05
26.2          	7.203109e-05
26.21         	7.203109e-05
26.22         	7.203109e-05
26.23         	7.203109e-05
26.24         	7.203109e-05
26.25         	7.203109e-05
26.26         	7.203109e-05
26.27         	7.203109e-05
26.28         	7.203109e-05
26.29         	7.203109e-05
26.3          	7.203109e-05
26.31         	7.203109e-05
26.32         	7.203109e-05
26.33         	7.203109e-05
26.34         	7.203109e-05
26.35         	7.203109e-05
26.36         	7.203109e-05
26.37         	7.203109e-05
26.38         	7.203109e-05
26.39         	7.203109e-05
26.4          	7.203109e-05
26.41         	7.203109e-05
26.42         	7.203109e-05
26.43         	7.203109e-05
26.44         	7.203109e-05
26.45         	7.203109e-05
26.46         	7.203109e-05
26.47         	7.203109e-05
26.48         	7.203109e-05
26.49         	7.203109e-05
26.5          	7.203109e-05
26.51         	7.203109e-05
26.52         	7.203109e-05
26.53         	7.203109e-05
26.54         	7.203109e-05
26.55         	7.203109e-05
26.56         	7.203109e-05
26.57         	7.203109e-05
26.58         	7.203109e-05
26.59         	7.203109e-05
26.6          	7.203109e-05
26.61         	7.203109e-05
26.62         	7.203109e-05
26.63         	7.203109e-05
26.64         	7.203109e-05
26.65         	7.203109e-05
26.66         	7.203109e-05
26.67         	7.203109e-05
26.68         	7.203109e-05
26.69         	7.203109e-05
26.7          	7.203109e-05
26.71         	7.203109e-05
26.72         	7.203109e-05
26.73         	7.203109e-05
26.74         	7.203109e-05
26.75         	7.203109e-05
26.76         	7.203109e-05
26.77         	7.203109e-05
26.78         	7.203109e-05
26.79         	7.203109e-05
26.8          	7.203109e-05
26.81         	7.203109e-05
26.82         	7.203109e-05
26.83         	7.203109e-05
26.84         	7.203109e-05
26.85         	7.203109e-05
26.86         	7.203109e-05
26.87         	7.203109e-05
26.88         	7.203109e-05
26.89         	7.203109e-05
26.9          	7.203109e-05
26.91         	7.203109e-05
26.92         	7.203109e-05
26.93         	7.203109e-05
26.94         	7.203109e-05
26.95         	7.203109e-05
26.96         	7.203109e-05
26.97         	7.203109e-05
26.98         	7.203109e-05
26.99         	7.203109e-05
27            	7.203109e-05
27.01         	7.203109e-05
27.02         	7.203109e-05
27.03         	7.203109e-05
27.04         	7.203109e-05
27.05         	7.203109e-05
27.06         	7.203109e-05
27.07         	7.203109e-05
27.08         	7.203109e-05
27.09         	7.203109e-05
27.1          	7.203109e-05
27.11         	7.203109e-05
27.12         	7.203109e-05
27.13         	7.203109e-05
27.14         	7.203109e-05
27.15         	7.203109e-05
27.16         	7.203109e-05
27.17         	7.203109e-05
27.18         	7.203109e-05
27.19         	7.203109e-05
27.2          	7.203109e-05
27.21         	7.203109e-05
27.22         	7.203109e-05
27.23         	7.203109e-05
27.24         	7.203109e-05
27.25         	7.203109e-05
27.26         	7.203109e-05
27.27         	7.203109e-05
27.28         	7.203109e-05
27.29         	7.203109e-05
27.3          	7.203109e-05
27.31         	7.203109e-05
27.32         	7.203109e-05
27.33         	7.203109e-05
27.34         	7.203109e-05
27.35         	7.203109e-05
27.36         	7.203109e-05
27.37         	7.203109e-05
27.38         	7.203109e-05
27.39         	7.203109e-05
27.4          	7.203109e-05
27.41         	7.203109e-05
27.42         	7.203109e-05
27.43         	7.203109e-05
27.44         	7.203109e-05
27.45         	7.203109e-05
27.46         	7.203109e-05
27.47         	7.203109e-05
27.48         	7.203109e-05
27.49         	7.203109e-05
27.5          	7.203109e-05
27.51         	7.203109e-05
27.52         	7.203109e-05
27.53         	7.203109e-05
27.54         	7.203109e-05
27.55         	7.203109e-05
27.56         	7.203109e-05
27.57         	7.203109e-05
27.58         	7.203109e-05
27.59         	7.203109e-05
27.6          	7.203109e-05
27.61         	7.203109e-05
27.62         	7.203109e-05
27.63         	7.203109e-05
27.64         	7.203109e-05
27.65         	7.203109e-05
27.66         	7.203109e-05
27.67         	7.203109e-05
27.68         	7.203109e-05
27.69         	7.203109e-05
27.7          	7.203109e-05
27.71         	7.203109e-05
27.72         	7.203109e-05
27.73         	7.203109e-05
27.74         	7.203109e-05
27.75         	7.203109e-05
27.76         	7.203109e-05
27.77         	7.203109e-05
27.78         	7.203109e-05
27.79         	7.203109e-05
27.8          	7.203109e-05
27.81         	7.203109e-05
27.82         	7.203109e-05
27.83         	7.203109e-05
27.84         	7.203109e-05
27.85         	7.203109e-05
27.86         	7.203109e-05
27.87         	7.203109e-05
27.88         	7.203109e-05
27.89         	7.203109e-05
27.9          	7.203109e-05
27.91         	7.203109e-05
27.92         	7.203109e-05
27.93         	7.203109e-05
27.94         	7.203109e-05
27.95         	7.203109e-05
27.96         	7.203109e-05
27.97         	7.203109e-05
27.98         	7.203109e-05
27.99         	7.203109e-05
28            	7.203109e-05
28.01         	7.203109e-05
28.02         	7.203109e-05
28.03         	7.203109e-05
28.04         	7.203109e-05
28.05         	7.203109e-05
28.06         	7.203109e-05
28.07         	7.203109e-05
28.08         	7.203109e-05
28.09         	7.203109e-05
28.1          	7.203109e-05
28.11         	7.203109e-05
28.12         	7.203108e-05
28.13         	7.203108e-05
28.14         	7.203108e-05
28.15         	7.203108e-05
28.16         	7.203108e-05
28.17         	7.203108e-05
28.18         	7.203108e-05
28.19         	7.203108e-05
28.2          	7.203108e-05
28.21         	7.203108e-05
28.22         	7.203108e-05
28.23         	7.203108e-05
28.24         	7.203108e-05
28.25         	7.203108e-05
28.26         	7.203108e-05
28.27         	7.203108e-05
28.28         	7.203108e-05
28.29         	7.203108e-05
28.3          	7.203108e-05
28.31         	7.203108e-05
28.32         	7.203108e-05
28.33         	7.203108e-05
28.34         	7.203108e-05
28.35         	7.203108e-05
28.36         	7.203108e-05
28.37         	7.203108e-05
28.38         	7.203108e-05
28.39         	7.203108e-05
28.4          	7.203108e-05
28.41         	7.203108e-05
28.42         	7.203108e-05
28.43         	7.203108e-05
28.44         	7.203108e-05
28.45         	7.203108e-05
28.46         	7.203108e-05
28.47         	7.203108e-05
28.48         	7.203108e-05
28.49         	7.203108e-05
28.5          	7.203108e-05
28.51         	7.203108e-05
28.52         	7.203108e-05
28.53         	7.203108e-05
28.54         	7.203108e-05
28.55         	7.203108e-05
28.56         	7.203108e-05
28.57         	7.203108e-05
28.58         	7.203108e-05
28.59         	7.203108e-05
28.6          	7.203108e-05
28.61         	7.203108e-05
28.62         	7.203108e-05
28.63         	7.203108e-05
28.64         	7.203108e-05
28.65         	7.203108e-05
28.66         	7.203108e-05
28.67         	7.203108e-05
28.68         	7.203108e-05
28.69         	7.203108e-05
28.7          	7.203108e-05
28.71         	7.203108e-05
28.72         	7.203108e-05
28.73         	7.203108e-05
28.74         	7.203108e-05
28.75         	7.203108e-05
28.76         	7.203108e-05
28.77         	7.203108e-05
28.78         	7.203108e-05
28.79         	7.203108e-05
28.8          	7.203108e-05
28.81         	7.203108e-05
28.82         	7.203108e-05
28.83         	7.203108e-05
28.84         	7.203108e-05
28.85         	7.203108e-05
28.86         	7.203108e-05
28.87         	7.203108e-05
28.88         	7.203108e-05
28.89         	7.203108e-05
28.9          	7.203108e-05
28.91         	7.203108e-05
28.92         	7.203108e-05
28.93         	7.203108e-05
28.94         	7.203108e-05
28.95         	7.203108e-05
28.96         	7.203108e-05
28.97         	7.203108e-05
28.98         	7.203108e-05
28.99         	7.203108e-05
29            	7.203108e-05
29.01         	7.203108e-05
29.02         	7.203108e-05
29.03         	7.203108e-05
29.04         	7.203108e-05
29.05         	7.203108e-05
29.06         	7.203108e-05
29.07         	7.203108e-05
29.08         	7.203108e-05
29.09         	7.203108e-05
29.1          	7.203108e-05
29.11         	7.203108e-05
29.12         	7.203108e-05
29.13         	7.203108e-05
29.14         	7.203108e-05
29.15         	7.203108e-05
29.16         	7.203108e-05
29.17         	7.203108e-05
29.18         	7.203108e-05
29.19         	7.203108e-05
29.2          	7.203108e-05
29.21         	7.203108e-05
29.22         	7.203108e-05
29.23         	7.203108e-05
29.24         	7.203108e-05
29.25         	7.203108e-05
29.26         	7.203108e-05
29.27         	7.203108e-05
29.28         	7.203108e-05
29.29         	7.203108e-05
29.3          	7.203108e-05
29.31         	7.203108e-05
29.32         	7.203108e-05
29.33         	7.203108e-05
29.34         	7.203108e-05
29.35         	7.203108e-05
29.36         	7.203108e-05
29.37         	7.203108e-05
29.38         	7.203108e-05
29.39         	7.203108e-05
29.4          	7.203108e-05
29.41         	7.203108e-05
29.42         	7.203108e-05
29.43         	7.203108e-05
29.44         	7.203108e-05
29.45         	7.203108e-05
29.46         	7.203108e-05
29.47         	7.203108e-05
29.48         	7.203108e-05
29.49         	7.203108e-05
29.5          	7.203108e-05
29.51         	7.203108e-05
29.52         	7.203108e-05
29.53         	7.203108e-05
29.54         	7.203108e-05
29.55         	7.203108e-05
29.56         	7.203108e-05
29.57         	7.203108e-05
29.58         	7.203108e-05
29.59         	7.203108e-05
29.6          	7.203108e-05
29.61         	7.203108e-05
29.62         	7.203108e-05
29.63         	7.203108e-05
29.64         	7.203108e-05
29.65         	7.203108e-05
29.66         	7.203108e-05
29.67         	7.203108e-05
29.68         	7.203108e-05
29.69         	7.203108e-05
29.7          	7.203108e-05
29.71         	7.203108e-05
29.72         	7.203108e-05
29.73         	7.203108e-05
29.74         	7.203108e-05
29.75         	7.203108e-05
29.76         	7.203108e-05
29.77         	7.203108e-05
29.78         	7.203108e-05
29.79         	7.203108e-05
29.8          	7.203108e-05
29.81         	7.203108e-05
29.82         	7.203108e-05
29.83         	7.203108e-05
29.84         	7.203108e-05
29.85         	7.203107e-05
29.86         	7.203107e-05
29.87         	7.203107e-05
29.88         	7.203107e-05
29.89         	7.203107e-05
29.9          	7.203107e-05
29.91         	7.203107e-05
29.92         	7.203107e-05
29.93         	7.203107e-05
29.94         	7.203107e-05
29.95         	7.203107e-05
29.96         	7.203107e-05
29.97         	7.203107e-05
29.98         	7.203107e-05
29.99         	7.203107e-05
30            	7.203107e-05
